Average Degree = 17.27433628318584
Average Clustering Coefficient = 0.6843594605487391
Degree distribution ¡G
[1,9]
[2,12]
[3,24]
[4,10]
[5,15]
[6,11]
[7,9]
[8,12]
[9,7]
[10,5]
[11,6]
[12,6]
[13,2]
[14,5]
[15,8]
[16,6]
[17,2]
[18,6]
[19,3]
[20,4]
[21,3]
[22,2]
[23,1]
[24,1]
[25,4]
[26,2]
[27,4]
[28,3]
[29,2]
[30,1]
[31,2]
[32,2]
[33,3]
[34,2]
[35,2]
[36,3]
[37,2]
[40,2]
[41,1]
[42,1]
[45,1]
[46,1]
[48,1]
[49,2]
[51,1]
[52,1]
[54,1]
[55,1]
[56,1]
[58,1]
[62,2]
[63,1]
[67,2]
[74,1]
[77,1]
[79,1]
[87,1]
[122,1]
Diameter-1 ¡G key = 3 , Diameter =3 , end_node = 152 , Giant component = 225
Diameter-2 ¡G key = 152 , Diameter =5 , end_node = 225 , Giant component = 225