1 2
1 3
1 4
1 5
1 7
1 8
1 9
1 11
1 14
1 15
1 16
1 17
1 18
1 19
1 20
1 21
1 23
1 26
1 27
1 28
1 29
1 30
1 31
1 32
1 34
1 36
1 39
1 40
1 41
1 42
1 43
1 44
1 46
1 65
1 71
1 79
1 81
1 82
1 83
1 84
1 88
1 89
1 90
1 92
1 93
1 100
1 126
1 131
1 132
1 134
1 137
1 141
1 142
1 143
1 145
1 146
1 156
1 157
1 158
1 174
1 175
1 196
1 197
1 198
1 199
1 200
1 201
1 204
1 206
1 209
1 210
1 211
1 212
1 215
1 219
1 220
1 224
1 228
1 229
2 1
2 3
2 5
2 7
2 8
2 9
2 11
2 14
2 15
2 16
2 19
2 20
2 26
2 28
2 29
2 30
2 31
2 32
2 34
2 35
2 36
2 37
2 38
2 39
2 40
2 41
2 42
2 43
2 44
2 48
2 71
2 72
2 74
2 77
2 78
2 79
2 81
2 82
2 84
2 87
2 88
2 89
2 90
2 93
2 96
2 97
2 98
2 99
2 105
2 131
2 146
2 159
2 160
2 161
2 162
2 163
2 164
2 165
2 166
2 168
2 169
2 170
2 171
2 172
2 173
2 174
2 175
2 176
2 177
2 178
2 183
2 184
2 185
2 186
2 191
2 193
2 194
2 195
2 200
2 205
2 213
2 214
2 215
2 216
2 219
2 220
2 222
3 1
3 2
3 4
3 5
3 6
3 7
3 8
3 9
3 10
3 11
3 12
3 13
3 14
3 15
3 16
3 17
3 18
3 19
3 20
3 21
3 22
3 23
3 26
3 27
3 28
3 29
3 30
3 31
3 32
3 33
3 34
3 36
3 37
3 38
3 39
3 40
3 41
3 42
3 43
3 44
3 45
3 46
3 47
3 48
3 49
3 50
3 52
3 53
3 54
3 55
3 56
3 57
3 58
3 59
3 60
3 61
3 62
3 63
3 65
3 66
3 71
3 72
3 73
3 74
3 75
3 78
3 79
3 81
3 82
3 84
3 88
3 89
3 94
3 95
3 100
3 106
3 107
3 108
3 109
3 110
3 112
3 113
3 114
3 115
3 116
3 121
3 126
3 128
3 130
3 131
3 132
3 134
3 137
3 138
3 140
3 141
3 142
3 143
3 144
3 159
3 160
3 163
3 174
3 175
3 176
3 177
3 178
3 183
3 184
3 186
3 191
3 200
3 205
3 206
3 207
3 208
3 215
3 219
3 220
3 222
3 223
3 224
4 1
4 3
4 5
4 6
4 7
4 8
4 9
4 11
4 14
4 15
4 16
4 21
4 23
4 26
4 27
4 28
4 29
4 30
4 31
4 32
4 40
4 41
4 42
4 43
4 44
4 46
4 47
4 78
4 79
4 88
4 89
4 93
4 100
4 101
4 102
4 108
4 109
4 113
4 115
4 116
4 117
4 118
4 121
4 122
4 126
4 132
4 134
4 137
4 138
4 140
4 141
4 142
4 143
4 144
4 145
4 147
4 148
4 155
4 156
4 198
4 206
4 207
5 1
5 2
5 3
5 4
5 7
5 8
5 9
5 10
5 11
5 12
5 14
5 15
5 16
5 17
5 18
5 19
5 20
5 21
5 22
5 23
5 26
5 36
5 37
5 39
5 40
5 42
5 43
5 44
5 62
5 79
5 88
5 96
5 97
5 126
5 127
5 132
5 134
5 137
5 142
5 156
5 157
5 175
5 183
5 196
5 197
5 198
5 199
5 200
5 201
5 204
5 205
5 209
5 210
5 228
5 229
6 3
6 4
6 7
6 8
6 9
6 11
6 12
6 15
6 20
6 21
6 22
6 23
6 26
6 27
6 30
6 31
6 32
6 40
6 42
6 43
6 46
6 47
6 71
6 78
6 100
6 108
6 109
6 112
6 113
6 115
6 116
6 117
6 118
6 125
6 138
6 140
6 141
6 144
6 147
6 159
6 177
7 1
7 2
7 3
7 4
7 5
7 6
7 8
7 9
7 11
7 12
7 14
7 15
7 16
7 18
7 20
7 26
7 27
7 28
7 29
7 30
7 31
7 32
7 36
7 37
7 38
7 39
7 40
7 41
7 42
7 43
7 44
7 45
7 65
7 71
7 78
7 79
7 88
7 108
7 109
7 113
7 115
7 116
7 117
7 118
7 119
7 121
7 122
7 123
7 124
7 126
7 128
7 130
7 134
7 138
7 140
7 141
7 144
7 147
7 159
7 163
7 174
7 176
7 177
7 178
7 181
7 182
7 183
7 184
7 186
7 191
7 192
7 206
7 207
7 222
8 1
8 2
8 3
8 4
8 5
8 6
8 7
8 9
8 11
8 12
8 13
8 14
8 15
8 16
8 17
8 18
8 19
8 20
8 21
8 22
8 23
8 26
8 27
8 28
8 32
8 40
8 41
8 42
8 43
8 46
8 47
8 48
8 59
8 62
8 63
8 64
8 65
8 71
8 84
8 94
8 95
8 106
8 107
8 109
8 131
8 174
8 175
8 206
8 222
9 1
9 2
9 3
9 4
9 5
9 6
9 7
9 8
9 11
9 12
9 13
9 14
9 15
9 16
9 17
9 20
9 21
9 22
9 23
9 26
9 27
9 32
9 36
9 40
9 41
9 42
9 43
9 44
9 46
9 58
9 59
9 62
9 65
9 71
9 84
9 106
9 107
9 109
9 131
9 132
9 146
9 174
9 175
9 176
9 177
9 205
10 3
10 5
10 11
10 12
10 13
10 15
10 16
10 17
10 20
10 21
10 26
10 32
10 40
10 41
10 42
10 43
10 62
10 65
10 71
10 72
10 73
10 74
10 75
10 76
10 109
10 223
10 224
11 1
11 2
11 3
11 4
11 5
11 6
11 7
11 8
11 9
11 10
11 12
11 13
11 14
11 15
11 16
11 17
11 18
11 19
11 20
11 21
11 22
11 23
11 24
11 26
11 27
11 31
11 32
11 38
11 39
11 40
11 41
11 42
11 43
11 44
11 45
11 46
11 47
11 48
11 49
11 58
11 62
11 64
11 65
11 71
11 72
11 78
11 79
11 93
11 94
11 95
11 103
11 106
11 107
11 109
11 126
11 134
11 137
11 141
11 142
11 143
11 144
11 145
11 146
11 158
11 159
11 174
11 177
12 3
12 5
12 6
12 7
12 8
12 9
12 10
12 11
12 13
12 14
12 15
12 16
12 17
12 20
12 21
12 22
12 23
12 26
12 40
12 42
12 43
12 46
12 47
12 58
12 62
12 65
12 109
13 3
13 8
13 9
13 10
13 11
13 12
13 14
13 15
13 16
13 17
13 18
13 19
13 20
13 21
13 22
13 26
13 41
13 42
13 43
13 46
13 47
13 48
13 49
13 58
13 62
13 65
13 78
13 94
14 1
14 2
14 3
14 4
14 5
14 7
14 8
14 9
14 11
14 12
14 13
14 15
14 16
14 17
14 18
14 19
14 20
14 23
14 26
14 28
14 39
14 40
14 41
14 42
14 43
14 46
14 47
14 62
14 65
14 78
14 79
14 84
14 94
14 95
14 131
15 1
15 2
15 3
15 4
15 5
15 6
15 7
15 8
15 9
15 10
15 11
15 12
15 13
15 14
15 16
15 17
15 18
15 19
15 20
15 21
15 22
15 23
15 26
15 28
15 29
15 30
15 31
15 36
15 39
15 40
15 41
15 42
15 43
15 46
15 48
15 49
15 53
15 54
15 55
15 56
15 58
15 59
15 62
15 65
15 78
15 79
15 84
15 94
15 95
15 106
15 107
15 109
15 114
15 131
15 167
15 174
15 175
15 176
15 177
15 198
15 200
15 222
16 1
16 2
16 3
16 4
16 5
16 7
16 8
16 9
16 10
16 11
16 12
16 13
16 14
16 15
16 17
16 19
16 20
16 22
16 23
16 40
16 41
16 42
16 43
16 46
16 47
16 62
16 65
16 78
16 79
16 84
16 94
16 95
16 131
16 174
17 1
17 3
17 5
17 8
17 9
17 10
17 11
17 12
17 13
17 14
17 15
17 16
17 18
17 19
17 20
17 21
17 22
17 23
17 39
17 40
17 41
17 42
17 43
17 44
17 48
17 49
17 58
17 62
17 65
18 1
18 3
18 5
18 7
18 8
18 11
18 13
18 14
18 15
18 17
18 19
18 20
18 21
18 40
18 41
18 42
18 43
18 62
18 109
18 134
19 1
19 2
19 3
19 5
19 8
19 11
19 13
19 14
19 15
19 16
19 17
19 18
19 20
19 21
19 23
19 26
19 40
19 41
19 42
19 43
19 46
19 47
19 48
19 62
19 126
19 134
20 1
20 2
20 3
20 5
20 6
20 7
20 8
20 9
20 10
20 11
20 12
20 13
20 14
20 15
20 16
20 17
20 18
20 19
20 21
20 22
20 23
20 26
20 28
20 29
20 30
20 31
20 32
20 38
20 39
20 40
20 41
20 42
20 43
20 44
20 48
20 58
20 62
20 65
20 71
20 78
20 79
20 84
20 109
20 114
20 131
20 134
20 174
20 222
21 1
21 3
21 4
21 5
21 6
21 8
21 9
21 10
21 11
21 12
21 13
21 15
21 17
21 18
21 19
21 20
21 22
21 23
21 25
21 26
21 40
21 41
21 42
21 43
21 46
21 47
21 62
21 94
21 95
21 106
21 107
21 109
22 3
22 5
22 6
22 8
22 9
22 11
22 12
22 13
22 15
22 16
22 17
22 20
22 21
22 23
22 26
22 40
22 41
22 42
22 43
22 46
22 47
22 48
22 49
22 59
22 60
22 61
22 62
22 65
22 106
22 107
22 109
23 1
23 3
23 4
23 5
23 6
23 8
23 9
23 11
23 12
23 14
23 15
23 16
23 17
23 19
23 20
23 21
23 22
23 25
23 26
23 39
23 40
23 41
23 42
23 43
23 44
23 46
23 47
23 62
23 78
23 109
23 126
23 134
23 137
24 11
24 26
24 40
24 109
25 21
25 23
26 1
26 2
26 3
26 4
26 5
26 6
26 7
26 8
26 9
26 10
26 11
26 12
26 13
26 14
26 15
26 19
26 20
26 21
26 22
26 23
26 24
26 27
26 28
26 29
26 30
26 31
26 32
26 33
26 34
26 36
26 37
26 38
26 39
26 40
26 41
26 42
26 43
26 44
26 46
26 79
26 81
26 88
26 92
26 97
26 100
26 101
26 102
26 109
26 117
26 126
26 130
26 134
26 141
26 142
26 143
26 144
26 159
26 163
26 178
26 179
26 180
26 181
26 182
26 183
26 184
26 185
26 186
26 191
26 192
26 195
26 198
26 206
26 213
26 215
26 219
26 220
26 222
27 1
27 3
27 4
27 6
27 7
27 8
27 9
27 11
27 26
27 29
27 30
27 32
27 33
27 34
27 39
27 40
27 41
27 43
27 44
27 45
27 46
27 47
27 65
27 68
27 69
27 71
27 72
27 79
27 81
27 87
27 92
27 93
27 95
27 117
27 132
27 134
27 146
27 213
27 214
27 215
27 219
27 220
28 1
28 2
28 3
28 4
28 7
28 8
28 14
28 15
28 20
28 26
28 29
28 30
28 31
28 32
28 38
28 39
28 40
28 41
28 43
28 44
28 78
28 84
28 88
28 89
28 90
28 93
28 96
28 97
28 98
28 109
28 159
28 163
28 164
28 166
28 178
28 183
28 184
28 185
28 186
28 191
29 1
29 2
29 3
29 4
29 7
29 15
29 20
29 26
29 27
29 28
29 30
29 31
29 32
29 38
29 39
29 40
29 43
29 44
29 78
29 84
29 88
29 89
29 90
29 93
29 97
29 98
29 109
29 131
29 132
29 133
29 134
29 159
29 163
29 164
29 178
29 184
30 1
30 2
30 3
30 4
30 6
30 7
30 15
30 20
30 26
30 27
30 28
30 29
30 31
30 36
30 38
30 39
30 40
30 44
30 48
30 49
30 88
30 89
30 90
30 96
30 109
30 116
30 117
30 118
30 121
30 125
30 126
30 128
30 132
30 133
30 134
30 159
30 161
30 162
30 163
30 164
30 166
30 178
30 183
30 184
30 187
30 191
30 192
30 195
30 222
31 1
31 2
31 3
31 4
31 6
31 7
31 11
31 15
31 20
31 26
31 28
31 29
31 30
31 38
31 39
31 40
31 44
31 88
31 89
31 90
31 96
31 109
31 128
31 133
31 134
31 138
31 140
31 159
31 163
31 164
31 166
31 178
31 183
31 184
32 1
32 2
32 3
32 4
32 6
32 7
32 8
32 9
32 10
32 11
32 20
32 26
32 27
32 28
32 29
32 33
32 34
32 35
32 36
32 38
32 39
32 40
32 41
32 42
32 43
32 44
32 45
32 46
32 47
32 62
32 71
32 72
32 73
32 74
32 75
32 76
32 78
32 79
32 80
32 81
32 84
32 85
32 86
32 87
32 88
32 89
32 90
32 92
32 93
32 97
32 98
32 99
32 109
32 159
32 163
32 174
32 177
32 213
32 214
32 215
32 216
32 219
32 220
33 3
33 26
33 27
33 32
33 34
33 41
33 79
33 93
33 146
34 1
34 2
34 3
34 26
34 27
34 32
34 33
34 41
34 79
34 81
34 87
34 92
34 93
34 126
34 127
34 134
34 137
34 144
34 145
34 146
34 213
34 214
34 215
34 219
34 220
35 2
35 32
35 36
35 37
35 38
35 39
35 40
35 84
35 88
35 97
35 183
35 184
36 1
36 2
36 3
36 5
36 7
36 9
36 15
36 26
36 30
36 32
36 35
36 37
36 39
36 48
36 55
36 56
36 59
36 88
36 97
36 167
36 183
36 184
36 186
36 192
36 193
37 2
37 3
37 5
37 7
37 26
37 35
37 36
37 38
37 39
37 79
37 168
37 169
37 178
37 183
37 205
38 2
38 3
38 7
38 11
38 20
38 26
38 28
38 29
38 30
38 31
38 32
38 35
38 37
38 39
38 40
38 41
38 42
38 43
38 44
38 79
38 84
38 88
38 97
38 98
38 134
38 159
38 160
38 161
38 162
38 163
38 164
38 165
38 166
38 183
38 184
39 1
39 2
39 3
39 5
39 7
39 11
39 14
39 15
39 17
39 20
39 23
39 26
39 27
39 28
39 29
39 30
39 31
39 32
39 35
39 36
39 37
39 38
39 40
39 41
39 42
39 44
39 78
39 79
39 81
39 84
39 88
39 89
39 90
39 93
39 96
39 97
39 98
39 127
39 132
39 134
39 159
39 160
39 161
39 162
39 163
39 164
39 165
39 166
39 174
39 175
39 177
39 183
39 184
39 196
39 198
39 199
39 214
39 215
40 1
40 2
40 3
40 4
40 5
40 6
40 7
40 8
40 9
40 10
40 11
40 12
40 14
40 15
40 16
40 17
40 18
40 19
40 20
40 21
40 22
40 23
40 24
40 26
40 27
40 28
40 29
40 30
40 31
40 32
40 35
40 38
40 39
40 41
40 42
40 43
40 44
40 46
40 47
40 62
40 65
40 71
40 72
40 73
40 74
40 75
40 78
40 84
40 88
40 109
40 142
40 158
40 159
40 163
40 174
40 206
41 1
41 2
41 3
41 4
41 7
41 8
41 9
41 10
41 11
41 13
41 14
41 15
41 16
41 17
41 18
41 19
41 20
41 21
41 22
41 23
41 26
41 27
41 28
41 32
41 33
41 34
41 38
41 39
41 40
41 42
41 43
41 46
41 48
41 49
41 62
41 65
41 72
41 73
41 74
41 75
41 79
41 88
41 89
41 93
41 106
41 107
41 146
41 159
41 163
41 206
41 207
42 1
42 2
42 3
42 4
42 5
42 6
42 7
42 8
42 9
42 10
42 11
42 12
42 13
42 14
42 15
42 16
42 17
42 18
42 19
42 20
42 21
42 22
42 23
42 26
42 32
42 38
42 39
42 40
42 41
42 43
42 44
42 46
42 47
42 48
42 49
42 55
42 58
42 59
42 60
42 62
42 63
42 65
42 72
42 73
42 74
42 75
42 88
42 106
42 107
42 109
42 159
42 163
42 206
42 207
43 1
43 2
43 3
43 4
43 5
43 6
43 7
43 8
43 9
43 10
43 11
43 12
43 13
43 14
43 15
43 16
43 17
43 18
43 19
43 20
43 21
43 22
43 23
43 26
43 27
43 28
43 29
43 32
43 38
43 40
43 41
43 42
43 46
43 47
43 48
43 62
43 65
43 72
43 73
43 74
43 75
43 78
43 106
43 107
43 130
43 132
43 141
43 158
43 198
43 206
43 207
43 219
44 1
44 2
44 3
44 4
44 5
44 7
44 9
44 11
44 17
44 20
44 23
44 26
44 27
44 28
44 29
44 30
44 31
44 32
44 38
44 39
44 40
44 42
44 79
44 84
44 88
44 89
44 90
44 96
44 98
44 99
44 132
44 134
44 146
44 157
44 159
44 163
44 199
44 200
44 201
44 220
45 3
45 7
45 11
45 27
45 32
45 46
45 47
45 78
45 79
46 1
46 3
46 4
46 6
46 8
46 9
46 11
46 12
46 13
46 14
46 15
46 16
46 19
46 21
46 22
46 23
46 26
46 27
46 32
46 40
46 41
46 42
46 43
46 45
46 47
46 62
46 65
46 70
46 72
46 73
46 74
46 75
46 78
46 94
46 95
46 121
47 3
47 4
47 6
47 8
47 11
47 12
47 13
47 14
47 16
47 19
47 21
47 22
47 23
47 27
47 32
47 40
47 42
47 43
47 45
47 46
47 65
47 70
47 78
47 94
47 95
47 121
48 2
48 3
48 8
48 11
48 13
48 15
48 17
48 19
48 20
48 22
48 30
48 36
48 41
48 42
48 43
48 49
48 50
48 52
48 53
48 55
48 58
48 59
48 62
48 65
48 106
48 107
48 174
49 3
49 11
49 13
49 15
49 17
49 22
49 30
49 41
49 42
49 48
49 53
49 54
49 55
49 56
49 58
49 59
49 62
49 65
49 106
49 107
49 167
49 186
50 3
50 48
50 52
50 53
52 3
52 48
52 50
52 53
52 58
53 3
53 15
53 48
53 49
53 50
53 52
53 54
53 55
53 56
53 59
53 167
54 3
54 15
54 49
54 53
54 55
54 56
54 59
54 167
55 3
55 15
55 36
55 42
55 48
55 49
55 53
55 54
55 56
55 59
55 167
56 3
56 15
56 36
56 49
56 53
56 54
56 55
56 59
56 167
57 3
57 109
58 3
58 9
58 11
58 12
58 13
58 15
58 17
58 20
58 42
58 48
58 49
58 52
58 62
58 65
59 3
59 8
59 9
59 15
59 22
59 36
59 42
59 48
59 49
59 53
59 54
59 55
59 56
59 62
59 106
59 107
59 167
60 3
60 22
60 42
60 61
60 62
61 3
61 22
61 60
61 106
62 3
62 5
62 8
62 9
62 10
62 11
62 12
62 13
62 14
62 15
62 16
62 17
62 18
62 19
62 20
62 21
62 22
62 23
62 32
62 40
62 41
62 42
62 43
62 46
62 48
62 49
62 58
62 59
62 60
62 65
62 72
62 73
62 74
62 75
62 106
62 107
63 3
63 8
63 42
64 8
64 11
65 1
65 3
65 7
65 8
65 9
65 10
65 11
65 12
65 13
65 14
65 15
65 16
65 17
65 20
65 22
65 27
65 40
65 41
65 42
65 43
65 46
65 47
65 48
65 49
65 58
65 62
65 66
65 67
65 72
65 73
65 74
65 75
65 78
65 79
65 94
65 95
65 103
66 3
66 65
66 67
67 65
67 66
68 27
68 69
69 27
69 68
70 46
70 47
71 1
71 2
71 3
71 6
71 7
71 8
71 9
71 10
71 11
71 20
71 27
71 32
71 40
71 72
71 73
71 74
71 75
71 76
72 2
72 3
72 10
72 11
72 27
72 32
72 40
72 41
72 42
72 43
72 46
72 62
72 65
72 71
72 73
72 74
72 75
72 76
73 3
73 10
73 32
73 40
73 41
73 42
73 43
73 46
73 62
73 65
73 71
73 72
73 74
73 75
73 76
74 2
74 3
74 10
74 32
74 40
74 41
74 42
74 43
74 46
74 62
74 65
74 71
74 72
74 73
74 75
74 76
75 3
75 10
75 32
75 40
75 41
75 42
75 43
75 46
75 62
75 65
75 71
75 72
75 73
75 74
75 76
76 10
76 32
76 71
76 72
76 73
76 74
76 75
77 2
77 79
77 213
78 2
78 3
78 4
78 6
78 7
78 11
78 13
78 14
78 15
78 16
78 20
78 23
78 28
78 29
78 32
78 39
78 40
78 43
78 45
78 46
78 47
78 65
78 79
78 84
78 88
78 90
78 93
78 94
78 95
78 97
78 98
78 103
78 115
79 1
79 2
79 3
79 4
79 5
79 7
79 11
79 14
79 15
79 16
79 20
79 26
79 27
79 32
79 33
79 34
79 37
79 38
79 39
79 41
79 44
79 45
79 65
79 77
79 78
79 80
79 81
79 82
79 83
79 84
79 85
79 86
79 87
79 88
79 89
79 90
79 93
79 94
79 95
79 97
79 99
79 100
79 101
79 102
79 104
79 126
79 127
79 134
79 137
79 141
79 142
79 143
79 144
79 145
79 146
79 147
79 159
79 176
79 177
79 213
79 214
79 215
79 216
79 217
79 218
79 219
79 220
80 32
80 79
80 85
80 86
80 87
80 89
80 174
80 177
80 220
81 1
81 2
81 3
81 26
81 27
81 32
81 34
81 39
81 79
81 84
81 87
81 88
81 89
81 90
81 91
81 92
81 93
81 213
81 214
81 215
81 219
81 220
81 221
82 1
82 2
82 3
82 79
82 83
82 84
83 1
83 79
83 82
84 1
84 2
84 3
84 8
84 9
84 14
84 15
84 16
84 20
84 28
84 29
84 32
84 35
84 38
84 39
84 40
84 44
84 78
84 79
84 81
84 82
84 88
84 90
84 93
84 97
84 98
84 99
84 131
84 210
84 214
84 219
84 229
85 32
85 79
85 80
85 86
85 87
85 174
85 175
85 176
85 177
86 32
86 79
86 80
86 85
86 87
86 174
86 177
87 2
87 27
87 32
87 34
87 79
87 80
87 81
87 85
87 86
87 92
87 174
87 175
87 176
87 177
87 213
87 214
87 215
87 219
87 220
88 1
88 2
88 3
88 4
88 5
88 7
88 26
88 28
88 29
88 30
88 31
88 32
88 35
88 36
88 38
88 39
88 40
88 41
88 42
88 44
88 78
88 79
88 81
88 84
88 89
88 90
88 93
88 96
88 97
88 98
88 100
88 101
88 142
88 143
88 144
88 147
88 153
88 154
88 155
88 156
88 159
88 160
88 163
88 164
88 166
89 1
89 2
89 3
89 4
89 28
89 29
89 30
89 31
89 32
89 39
89 41
89 44
89 79
89 80
89 81
89 88
89 90
89 93
89 99
89 100
89 101
89 102
89 142
89 143
89 144
89 147
89 153
89 154
89 155
89 156
89 159
89 213
89 214
89 215
89 216
89 219
89 220
90 1
90 2
90 28
90 29
90 30
90 31
90 32
90 39
90 44
90 78
90 79
90 81
90 84
90 88
90 89
90 93
90 96
90 97
90 98
90 159
91 81
91 92
91 215
91 220
92 1
92 26
92 27
92 32
92 34
92 81
92 87
92 91
92 213
92 214
92 215
92 219
92 220
93 1
93 2
93 4
93 11
93 27
93 28
93 29
93 32
93 33
93 34
93 39
93 41
93 78
93 79
93 81
93 84
93 88
93 89
93 90
93 97
93 98
93 104
93 143
93 144
93 146
93 154
93 155
93 159
94 3
94 8
94 11
94 13
94 14
94 15
94 16
94 21
94 46
94 47
94 65
94 78
94 79
94 95
94 103
95 3
95 8
95 11
95 14
95 15
95 16
95 21
95 27
95 46
95 47
95 65
95 78
95 79
95 94
95 103
96 2
96 5
96 28
96 30
96 31
96 39
96 44
96 88
96 90
96 163
97 2
97 5
97 26
97 28
97 29
97 32
97 35
97 36
97 38
97 39
97 78
97 79
97 84
97 88
97 90
97 93
97 98
97 183
98 2
98 28
98 29
98 32
98 38
98 39
98 44
98 78
98 84
98 88
98 90
98 93
98 97
98 159
98 163
99 2
99 32
99 44
99 79
99 84
99 89
99 220
100 1
100 3
100 4
100 6
100 26
100 79
100 88
100 89
100 101
100 102
101 4
101 26
101 79
101 88
101 89
101 100
101 102
102 4
102 26
102 79
102 89
102 100
102 101
103 11
103 65
103 78
103 94
103 95
104 79
104 93
105 2
105 174
105 175
105 176
106 3
106 8
106 9
106 11
106 15
106 21
106 22
106 41
106 42
106 43
106 48
106 49
106 59
106 61
106 62
106 107
107 3
107 8
107 9
107 11
107 15
107 21
107 22
107 41
107 42
107 43
107 48
107 49
107 59
107 62
107 106
108 3
108 4
108 6
108 7
108 109
108 113
109 3
109 4
109 6
109 7
109 8
109 9
109 10
109 11
109 12
109 15
109 18
109 20
109 21
109 22
109 23
109 24
109 26
109 28
109 29
109 30
109 31
109 32
109 40
109 42
109 57
109 108
109 110
109 111
109 112
109 113
110 3
110 109
110 111
110 112
111 109
111 110
111 112
112 3
112 6
112 109
112 110
112 111
113 3
113 4
113 6
113 7
113 108
113 109
114 3
114 15
114 20
115 3
115 4
115 6
115 7
115 78
116 3
116 4
116 6
116 7
116 30
116 117
116 121
117 4
117 6
117 7
117 26
117 27
117 30
117 116
117 118
117 121
117 123
118 4
118 6
118 7
118 30
118 117
118 120
118 121
118 122
118 123
118 124
119 7
120 118
120 121
120 122
121 3
121 4
121 7
121 30
121 46
121 47
121 116
121 117
121 118
121 120
121 122
121 123
121 124
122 4
122 7
122 118
122 120
122 121
123 7
123 117
123 118
123 121
123 124
124 7
124 118
124 121
124 123
125 6
125 30
126 1
126 3
126 4
126 5
126 7
126 11
126 19
126 23
126 26
126 30
126 34
126 79
126 127
126 134
126 137
126 141
126 142
126 143
126 144
126 145
126 146
126 147
126 200
126 202
126 203
127 5
127 34
127 39
127 79
127 126
127 141
127 144
128 3
128 7
128 30
128 31
128 134
128 135
128 136
128 141
130 3
130 7
130 26
130 43
130 131
130 132
130 134
130 137
130 141
130 206
130 207
131 1
131 2
131 3
131 8
131 9
131 14
131 15
131 16
131 20
131 29
131 84
131 130
131 132
131 134
131 137
131 147
131 150
132 1
132 3
132 4
132 5
132 9
132 27
132 29
132 30
132 39
132 43
132 44
132 130
132 131
132 134
132 137
132 141
132 158
132 207
133 29
133 30
133 31
134 1
134 3
134 4
134 5
134 7
134 11
134 18
134 19
134 20
134 23
134 26
134 27
134 29
134 30
134 31
134 34
134 38
134 39
134 44
134 79
134 126
134 128
134 130
134 131
134 132
134 135
134 136
134 137
134 138
134 141
134 142
134 144
134 199
135 128
135 134
135 136
136 128
136 134
136 135
136 141
137 1
137 3
137 4
137 5
137 11
137 23
137 34
137 79
137 126
137 130
137 131
137 132
137 134
137 138
137 140
137 141
137 142
137 143
137 144
137 206
138 3
138 4
138 6
138 7
138 31
138 134
138 137
138 140
139 140
140 3
140 4
140 6
140 7
140 31
140 137
140 138
140 139
141 1
141 3
141 4
141 6
141 7
141 11
141 26
141 43
141 79
141 126
141 127
141 128
141 130
141 132
141 134
141 136
141 137
141 142
141 143
141 144
141 145
141 147
141 150
141 206
141 207
142 1
142 3
142 4
142 5
142 11
142 26
142 40
142 79
142 88
142 89
142 126
142 134
142 137
142 141
142 143
142 144
142 145
142 147
142 158
143 1
143 3
143 4
143 11
143 26
143 79
143 88
143 89
143 93
143 126
143 137
143 141
143 142
143 144
143 145
143 147
144 3
144 4
144 6
144 7
144 11
144 26
144 34
144 79
144 88
144 89
144 93
144 126
144 127
144 134
144 137
144 141
144 142
144 143
144 145
144 147
144 148
144 150
145 1
145 4
145 11
145 34
145 79
145 126
145 141
145 142
145 143
145 144
145 147
145 151
146 1
146 2
146 9
146 11
146 27
146 33
146 34
146 41
146 44
146 79
146 93
146 126
146 170
146 174
147 4
147 6
147 7
147 79
147 88
147 89
147 126
147 131
147 141
147 142
147 143
147 144
147 145
147 148
147 149
147 150
147 151
147 152
147 154
148 4
148 144
148 147
148 151
148 152
149 147
149 150
149 151
150 131
150 141
150 144
150 147
150 149
150 151
151 145
151 147
151 148
151 149
151 150
151 152
152 147
152 148
152 151
153 88
153 89
153 154
153 155
154 88
154 89
154 93
154 147
154 153
154 155
155 4
155 88
155 89
155 93
155 153
155 154
155 156
156 1
156 4
156 5
156 88
156 89
156 155
156 157
156 163
157 1
157 5
157 44
157 156
157 163
158 1
158 11
158 40
158 43
158 132
158 142
159 2
159 3
159 6
159 7
159 11
159 26
159 28
159 29
159 30
159 31
159 32
159 38
159 39
159 40
159 41
159 42
159 44
159 79
159 88
159 89
159 90
159 93
159 98
159 160
159 161
159 162
159 163
159 164
159 165
159 166
159 177
160 2
160 3
160 38
160 39
160 88
160 159
160 161
160 162
160 163
160 164
160 165
160 166
161 2
161 30
161 38
161 39
161 159
161 160
161 162
161 163
161 164
161 165
161 166
161 177
162 2
162 30
162 38
162 39
162 159
162 160
162 161
162 163
162 164
162 165
162 166
162 177
163 2
163 3
163 7
163 26
163 28
163 29
163 30
163 31
163 32
163 38
163 39
163 40
163 41
163 42
163 44
163 88
163 96
163 98
163 156
163 157
163 159
163 160
163 161
163 162
163 164
163 165
163 166
163 174
163 177
164 2
164 28
164 29
164 30
164 31
164 38
164 39
164 88
164 159
164 160
164 161
164 162
164 163
164 165
164 166
164 177
165 2
165 38
165 39
165 159
165 160
165 161
165 162
165 163
165 164
165 166
165 177
166 2
166 28
166 30
166 31
166 38
166 39
166 88
166 159
166 160
166 161
166 162
166 163
166 164
166 165
166 177
167 15
167 36
167 49
167 53
167 54
167 55
167 56
167 59
168 2
168 37
168 169
168 170
168 175
168 177
168 183
168 205
169 2
169 37
169 168
169 170
169 175
169 177
169 205
170 2
170 146
170 168
170 169
170 174
171 2
172 2
172 186
172 193
173 2
174 1
174 2
174 3
174 7
174 8
174 9
174 11
174 15
174 16
174 20
174 32
174 39
174 40
174 48
174 80
174 85
174 86
174 87
174 105
174 146
174 163
174 170
174 175
174 176
174 177
174 195
174 205
175 1
175 2
175 3
175 5
175 8
175 9
175 15
175 39
175 85
175 87
175 105
175 168
175 169
175 174
175 176
175 177
175 195
175 205
176 2
176 3
176 7
176 9
176 15
176 79
176 85
176 87
176 105
176 174
176 175
176 177
176 195
176 205
177 2
177 3
177 6
177 7
177 9
177 11
177 15
177 32
177 39
177 79
177 80
177 85
177 86
177 87
177 159
177 161
177 162
177 163
177 164
177 165
177 166
177 168
177 169
177 174
177 175
177 176
177 195
177 205
178 2
178 3
178 7
178 26
178 28
178 29
178 30
178 31
178 37
178 179
178 180
178 183
178 184
178 187
178 188
178 191
179 26
179 178
179 180
180 26
180 178
180 179
181 7
181 26
181 182
182 7
182 26
182 181
183 2
183 3
183 5
183 7
183 26
183 28
183 30
183 31
183 35
183 36
183 37
183 38
183 39
183 97
183 168
183 178
183 184
183 187
183 188
183 189
183 191
183 192
183 193
183 195
184 2
184 3
184 7
184 26
184 28
184 29
184 30
184 31
184 35
184 36
184 38
184 39
184 178
184 183
184 185
184 186
184 187
184 188
184 191
184 192
185 2
185 26
185 28
185 184
185 186
186 2
186 3
186 7
186 26
186 28
186 36
186 49
186 172
186 184
186 185
186 193
187 30
187 178
187 183
187 184
187 188
187 191
187 192
188 178
188 183
188 184
188 187
188 191
189 183
191 2
191 3
191 7
191 26
191 28
191 30
191 178
191 183
191 184
191 187
191 188
191 192
192 7
192 26
192 30
192 36
192 183
192 184
192 187
192 191
193 2
193 36
193 172
193 183
193 186
194 2
195 2
195 26
195 30
195 174
195 175
195 176
195 177
195 183
196 1
196 5
196 39
196 198
196 199
197 1
197 5
197 198
198 1
198 4
198 5
198 15
198 26
198 39
198 43
198 196
198 197
199 1
199 5
199 39
199 44
199 134
199 196
200 1
200 2
200 3
200 5
200 15
200 44
200 126
200 201
200 202
200 203
200 204
200 210
200 224
200 228
201 1
201 5
201 44
201 200
201 211
202 126
202 200
202 203
203 126
203 200
203 202
204 1
204 5
204 200
205 2
205 3
205 5
205 9
205 37
205 168
205 169
205 174
205 175
205 176
205 177
206 1
206 3
206 4
206 7
206 8
206 26
206 40
206 41
206 42
206 43
206 130
206 137
206 141
206 207
207 3
207 4
207 7
207 41
207 42
207 43
207 130
207 132
207 141
207 206
208 3
209 1
209 5
210 1
210 5
210 84
210 200
210 211
210 212
211 1
211 201
211 210
211 212
212 1
212 210
212 211
213 2
213 26
213 27
213 32
213 34
213 77
213 79
213 81
213 87
213 89
213 92
213 214
213 215
213 217
213 219
213 220
214 2
214 27
214 32
214 34
214 39
214 79
214 81
214 84
214 87
214 89
214 92
214 213
214 215
214 216
214 217
214 218
214 219
214 220
215 1
215 2
215 3
215 26
215 27
215 32
215 34
215 39
215 79
215 81
215 87
215 89
215 91
215 92
215 213
215 214
215 216
215 217
215 218
215 219
215 220
216 2
216 32
216 79
216 89
216 214
216 215
216 217
216 218
216 219
217 79
217 213
217 214
217 215
217 216
217 218
217 219
217 220
218 79
218 214
218 215
218 216
218 217
218 219
219 1
219 2
219 3
219 26
219 27
219 32
219 34
219 43
219 79
219 81
219 84
219 87
219 89
219 92
219 213
219 214
219 215
219 216
219 217
219 218
219 220
220 1
220 2
220 3
220 26
220 27
220 32
220 34
220 44
220 79
220 80
220 81
220 87
220 89
220 91
220 92
220 99
220 213
220 214
220 215
220 217
220 219
221 81
222 2
222 3
222 7
222 8
222 15
222 20
222 26
222 30
223 3
223 10
223 224
224 1
224 3
224 10
224 200
224 223
224 225
224 226
224 227
225 224
226 224
226 227
227 224
227 226
228 1
228 5
228 200
229 1
229 5
229 84
